

#################################################################################################################
                                     Instance Name           Movement (microns)        Orig Loc        New Loc
#################################################################################################################
              CPU_REGS_regs_hi_rc_gclk_2157__L1_I0               21.26       (74.97, 56.73)       (91.35, 51.85)
                                   CPU_REGS_g16433               19.84       (33.39, 144.57)       (43.47, 154.33)
              CPU_REGS_regs_hi_rc_gclk_2143__L2_I0               19.37       (74.97, 56.73)       (89.46, 51.85)
                                   CPU_REGS_g16480               17.79       (31.5, 149.45)       (28.35, 164.09)
                                   CPU_REGS_g16503               16.69       (24.57, 144.57)       (31.5, 154.33)
                                   CPU_REGS_g16425               16.06       (47.88, 144.57)       (54.18, 154.33)
              CPU_REGS_regs_lo_rc_gclk_2129__L2_I1               16.06       (28.35, 144.57)       (34.65, 154.33)
              CPU_REGS_regs_lo_rc_gclk_2131__L2_I1                15.9       (28.35, 144.57)       (29.61, 159.21)
              CPU_REGS_regs_hi_rc_gclk_2151__L2_I0               15.27       (64.89, 61.61)       (64.26, 76.25)
                                   CPU_REGS_g16397               15.27       (52.29, 56.73)       (52.92, 42.09)
              CPU_REGS_regs_lo_rc_gclk_2143__L2_I1                14.8       (24.57, 144.57)       (29.61, 154.33)
                   CPU_REGS_regs_hi_rc_gclk__L2_I0                14.8       (33.39, 46.97)       (38.43, 37.21)
                                   CPU_REGS_g16520                14.8       (28.35, 149.45)       (33.39, 159.21)
                                   CPU_REGS_g16486               14.17       (44.1, 139.69)       (39.69, 129.93)
                                   CPU_REGS_g16536               14.17       (47.25, 139.69)       (42.84, 129.93)
                                   CPU_REGS_g16400               14.17       (50.4, 139.69)       (45.99, 129.93)
                      CPU_REGS_rc_gclk_1605__L1_I0               13.07       (156.87, 100.65)       (165.06, 105.53)
                      CPU_REGS_rc_gclk_1601__L2_I2               13.07       (146.16, 42.09)       (154.35, 46.97)
                                   CPU_REGS_g16512               13.07       (37.17, 134.81)       (28.98, 129.93)
                                   CPU_REGS_g16516               12.91       (56.07, 149.45)       (59.22, 159.21)
              CPU_REGS_regs_hi_rc_gclk_2145__L2_I0               12.91       (33.39, 46.97)       (36.54, 37.21)
              CPU_REGS_regs_lo_rc_gclk_2131__L1_I0               12.91       (37.17, 144.57)       (40.32, 134.81)
              CPU_REGS_regs_lo_rc_gclk_2129__L2_I0               12.91       (24.57, 144.57)       (27.72, 154.33)
              CPU_REGS_regs_lo_rc_gclk_2133__L2_I0               12.91       (28.35, 149.45)       (31.5, 159.21)
              CPU_REGS_regs_lo_rc_gclk_2149__L2_I1               12.28       (48.51, 144.57)       (51.03, 154.33)
                                   CPU_REGS_g16403               11.81       (57.33, 154.33)       (64.26, 159.21)
                                    CPU_REGS_g6246               11.81       (93.24, 42.09)       (86.31, 37.21)
                                   CPU_REGS_g16608               11.81       (54.18, 164.09)       (61.11, 168.97)
              CPU_REGS_regs_lo_rc_gclk_2149__L2_I0               11.65       (45.99, 144.57)       (47.88, 154.33)
              CPU_REGS_regs_hi_rc_gclk_2137__L1_I0               11.18       (33.39, 46.97)       (27.09, 42.09)
              CPU_REGS_regs_hi_rc_gclk_2137__L2_I0               11.18       (44.73, 46.97)       (51.03, 42.09)
                   CPU_REGS_regs_hi_rc_gclk__L1_I0               11.02       (33.39, 46.97)       (34.65, 37.21)
              CPU_REGS_regs_lo_rc_gclk_2129__L1_I0               11.02       (37.17, 144.57)       (38.43, 134.81)
                                   CPU_REGS_g16402               11.02       (60.48, 37.21)       (61.74, 27.45)
                                   CPU_REGS_g16455               11.02       (29.61, 129.93)       (28.35, 120.17)
                                   CPU_REGS_g16514               10.55       (30.87, 154.33)       (36.54, 159.21)
              CPU_REGS_regs_lo_rc_gclk_2133__L2_I1               10.55       (30.87, 149.45)       (36.54, 154.33)
              CPU_REGS_regs_hi_rc_gclk_2133__L2_I0               10.39       (42.21, 66.49)       (41.58, 76.25)
                                   CPU_REGS_g16430                9.92       (40.95, 168.97)       (35.91, 173.85)
                                   CPU_REGS_g16524                9.45       (43.47, 129.93)       (34.02, 129.93)
                                   CPU_REGS_g16519                9.29       (25.2, 129.93)       (29.61, 125.05)
                                   CPU_REGS_g16418                9.29       (42.84, 144.57)       (47.25, 139.69)
                                    CPU_REGS_g6190                9.29       (92.61, 32.33)       (97.02, 27.45)
                                    CPU_REGS_g6250                9.29       (100.17, 51.85)       (104.58, 56.73)
                                   CPU_REGS_g16560                9.29       (53.55, 42.09)       (57.96, 37.21)
              CPU_REGS_regs_hi_rc_gclk_2137__L2_I1                9.29       (44.73, 46.97)       (49.14, 42.09)
              CPU_REGS_regs_hi_rc_gclk_2129__L1_I0                9.29       (33.39, 46.97)       (28.98, 42.09)
              CPU_REGS_regs_lo_rc_gclk_2143__L1_I0                9.29       (43.47, 144.57)       (47.88, 149.45)
                                   CPU_REGS_g16569                8.66       (29.61, 125.05)       (25.83, 120.17)
                                   CPU_REGS_g16598                8.66       (64.26, 164.09)       (68.04, 168.97)
                                   CPU_REGS_g16597                8.66       (50.4, 154.33)       (54.18, 159.21)
                                   CPU_REGS_g16573                8.66       (52.92, 154.33)       (56.7, 159.21)
                                    CPU_REGS_g6256                8.66       (98.28, 42.09)       (94.5, 37.21)
                                    CPU_REGS_g6195                8.66       (93.87, 56.73)       (97.65, 51.85)
                                   CPU_REGS_g16654                8.66       (45.36, 154.33)       (49.14, 159.21)
                                   CPU_REGS_g16620                8.66       (61.11, 164.09)       (64.89, 168.97)
                                   CPU_REGS_g16493                8.66       (77.49, 32.33)       (73.71, 27.45)
                                   CPU_REGS_g16426                8.03       (50.4, 159.21)       (47.25, 164.09)
                                   CPU_REGS_g16606                8.03       (35.91, 129.93)       (32.76, 125.05)
                                   CPU_REGS_g16543                8.03       (33.39, 164.09)       (30.24, 168.97)
              CPU_REGS_regs_lo_rc_gclk_2135__L2_I0                8.03       (29.61, 159.21)       (26.46, 164.09)
                                   CPU_REGS_g16417                8.03       (36.54, 139.69)       (33.39, 134.81)
                                   CPU_REGS_g16370                8.03       (38.43, 129.93)       (35.28, 125.05)
              CPU_REGS_regs_lo_rc_gclk_2157__L2_I1                8.03       (75.6, 159.21)       (78.75, 164.09)
                                   CPU_REGS_g16726                7.56       (50.4, 37.21)       (42.84, 37.21)
                                   CPU_REGS_g16545                 7.4       (27.09, 42.09)       (24.57, 37.21)
                                   CPU_REGS_g16575                 7.4       (61.74, 168.97)       (64.26, 173.85)
                                   CPU_REGS_g16429                 7.4       (44.1, 164.09)       (41.58, 168.97)
                                   CPU_REGS_g16435                 7.4       (43.47, 22.57)       (45.99, 17.69)
                                   CPU_REGS_g16518                 7.4       (47.88, 42.09)       (50.4, 37.21)
                                   CPU_REGS_g16368                 7.4       (61.11, 159.21)       (63.63, 164.09)
                                   CPU_REGS_g16380                 7.4       (105.21, 56.73)       (102.69, 51.85)
              CPU_REGS_regs_lo_rc_gclk_2141__L1_I0                 7.4       (52.92, 159.21)       (55.44, 164.09)
              CPU_REGS_regs_lo_rc_gclk_2135__L2_I1                 7.4       (33.39, 159.21)       (30.87, 164.09)
              CPU_REGS_regs_lo_rc_gclk_2151__L1_I0                 7.4       (44.73, 139.69)       (42.21, 134.81)
              CPU_REGS_regs_hi_rc_gclk_2129__L2_I0                 7.4       (33.39, 46.97)       (30.87, 42.09)
              CPU_REGS_regs_hi_rc_gclk_2153__L2_I1                 7.4       (53.55, 42.09)       (56.07, 37.21)
